{
  "parnames": [
    "Hubble constant H0",
    "Baryon density",
    "Dark matter density",
    "Optical depth",
    "Primordial amplitude",
    "Primordial tilt"
  ],
  "pars": [
    70.62405203154053,
    0.022636048025946476,
    0.1123185875192795,
    0.05784293762241056,
    2.0747648182055052e-09,
    0.9840587922443713
  ],
  "cov": [
    [
      0.4143958180902279,
      7.744347268084508e-05,
      -0.0007254162556414302,
      0.0002847601063818801,
      -2.014035909371763e-12,
      0.0017953524688248612
    ],
    [
      7.744347268084508e-05,
      3.953675332107864e-08,
      -8.274466753209842e-08,
      8.41828754285878e-08,
      1.0658884871638286e-16,
      1.8537036578390104e-07
    ],
    [
      -0.0007254162556414302,
      -8.274466753209842e-08,
      1.5217522491607208e-06,
      -3.5047685396879273e-07,
      5.919797870879207e-15,
      -3.525706378874455e-06
    ],
    [
      0.0002847601063818801,
      8.41828754285878e-08,
      -3.5047685396879273e-07,
      5.244406228349512e-05,
      2.1502855024599981e-13,
      1.3742482906683841e-06
    ],
    [
      -2.014035909371763e-12,
      1.0658884871638286e-16,
      5.919797870879207e-15,
      2.1502855024599981e-13,
      9.34928436145934e-22,
      -1.8224815512583834e-14
    ],
    [
      0.0017953524688248612,
      1.8537036578390104e-07,
      -3.525706378874455e-06,
      1.3742482906683841e-06,
      -1.8224815512583834e-14,
      1.5791032739638025e-05
    ]
  ]
}
