{
  "chisq": 2577.143041695086,
  "parnames": [
    "Hubble constant H0",
    "Baryon density",
    "Dark matter density",
    "Optical depth",
    "Primordial amplitude",
    "Primordial tilt"
  ],
  "pars": [
    68.02785694680009,
    0.022357029515514982,
    0.1182358297111866,
    0.056604430469777464,
    2.0992499588342908e-09,
    0.9715382261051455
  ],
  "cov": [
    [
      0.8661331513430923,
      0.00013084364173234641,
      -0.0018448110740593856,
      0.0008895778292955402,
      -4.78594604350558e-12,
      0.003888024110783461
    ],
    [
      0.00013084364173234641,
      4.27212795174603e-08,
      -2.225659126354434e-07,
      4.378840180015787e-08,
      -7.570373643874321e-16,
      4.523123307853666e-07
    ],
    [
      -0.0018448110740593856,
      -2.225659126354434e-07,
      4.237193864973371e-06,
      -2.0557893010107945e-06,
      1.1511535088753872e-14,
      -8.598421025452889e-06
    ],
    [
      0.0008895778292955402,
      4.378840180015787e-08,
      -2.0557893010107945e-06,
      4.8225857920663594e-05,
      1.9089807259588863e-13,
      5.003617411691816e-06
    ],
    [
      -4.78594604350558e-12,
      -7.570373643874321e-16,
      1.1511535088753872e-14,
      1.9089807259588863e-13,
      8.652086714401919e-22,
      -2.6589003659173545e-14
    ],
    [
      0.003888024110783461,
      4.523123307853666e-07,
      -8.598421025452889e-06,
      5.003617411691816e-06,
      -2.6589003659173545e-14,
      2.4877785638977024e-05
    ]
  ]
}