{
  "chisq": 2582.7714241003805,
  "parnames": [
    "Hubble constant H0",
    "Baryon density",
    "Dark matter density",
    "Optical depth",
    "Primordial amplitude",
    "Primordial tilt"
  ],
  "pars": [
    70.9209551296847,
    0.022680830678442888,
    0.1117574954662517,
    0.1183270040856028,
    2.3387933518662206e-09,
    0.9866601615441263
  ],
  "cov": [
    [
      0.31541170411492203,
      6.076124265573173e-05,
      -0.0005481264687778587,
      0.003723953343910295,
      1.455279776719765e-11,
      0.0014019147848154223
    ],
    [
      6.076124265573173e-05,
      3.8540518652353806e-08,
      -4.7283455537136656e-08,
      4.4967832077785564e-07,
      2.0372365171507237e-15,
      7.233239678079544e-08
    ],
    [
      -0.0005481264687778587,
      -4.7283455537136656e-08,
      1.2204174098633114e-06,
      -7.3097835845415035e-06,
      -2.6956124001329338e-14,
      -2.9071596614035036e-06
    ],
    [
      0.003723953343910295,
      4.4967832077785564e-07,
      -7.3097835845415035e-06,
      0.0006764864247170762,
      3.0699933987037388e-12,
      3.498419788675473e-05
    ],
    [
      1.455279776719765e-11,
      2.0372365171507237e-15,
      -2.6956124001329338e-14,
      3.0699933987037388e-12,
      1.400301734783724e-20,
      1.3803905128791008e-13
    ],
    [
      0.0014019147848154223,
      7.233239678079544e-08,
      -2.9071596614035036e-06,
      3.498419788675473e-05,
      1.3803905128791008e-13,
      1.5417028923159215e-05
    ]
  ]
}