{
  "chisq": 2577.0647514132284,
  "parnames": [
    "Hubble constant H0",
    "Baryon density",
    "Dark matter density",
    "Optical depth",
    "Primordial amplitude",
    "Primordial tilt"
  ],
  "pars": [
    67.76362552444414,
    0.022298680349415703,
    0.11874651228706515,
    0.05557408100166258,
    2.0970066235465962e-09,
    0.9704086686625137
  ],
  "cov": [
    [
      0.9619977319925965,
      0.00013655474361288535,
      -0.0021063291534769053,
      0.0008061107784565334,
      -6.756629281998435e-12,
      0.004414390357465062
    ],
    [
      0.00013655474361288535,
      4.527710024222406e-08,
      -2.327432923251763e-07,
      1.3845709668984527e-07,
      -3.9741949016460584e-16,
      4.3141126793352847e-07
    ],
    [
      -0.0021063291534769053,
      -2.327432923251763e-07,
      4.9544546141776225e-06,
      -1.7580254637541076e-06,
      1.723918714426617e-14,
      -1.0202710824722088e-05
    ],
    [
      0.0008061107784565334,
      1.3845709668984527e-07,
      -1.7580254637541076e-06,
      5.316900401366228e-05,
      2.1385416724691183e-13,
      3.587563388472175e-06
    ],
    [
      -6.756629281998435e-12,
      -3.9741949016460584e-16,
      1.723918714426617e-14,
      2.1385416724691183e-13,
      9.987691292264381e-22,
      -4.296606308852214e-14
    ],
    [
      0.004414390357465062,
      4.3141126793352847e-07,
      -1.0202710824722088e-05,
      3.587563388472175e-06,
      -4.296606308852214e-14,
      2.919748105800757e-05
    ]
  ]
}
